detour_error,direction_error,endpoint_error,eval,feature_loss,feature_rmse,flow_boundness_abs_error,flow_boundness_error,flow_boundness_target,flow_boundness_value,joint_limit_error,joint_preservation_error,log_speed_range,max_dev_error,nearest_path_max_dist,nearest_path_mse,out_of_range_error,path_length_error,path_length_ratio,pointwise_cart_mse,ref_path_length,shape_arcness_abs_error,shape_arcness_error,shape_arcness_target,shape_arcness_value,smoothness_error,space_indirectness_abs_error,space_indirectness_error,space_indirectness_target,space_indirectness_value,spatial_coeff_error,spatial_path_length,spatial_path_length_error,spatial_path_length_ratio,time_abs_error,time_error,time_roughness,time_target,time_value,time_warp_deviation,timing_coeff_error,total_loss,valid_candidate,var_path_length,weight_abs_error,weight_error,weight_target,weight_value,weighted_detour,weighted_direction,weighted_endpoint,weighted_feature_loss,weighted_feature_rmse,weighted_joint_limits,weighted_joint_preservation,weighted_max_deviation,weighted_nearest_path,weighted_out_of_range,weighted_path_length,weighted_smoothness,weighted_spatial_coefficients,weighted_time_roughness,weighted_time_warp,weighted_timing_coefficients,weighted_total_loss
0.3153340561688729,0.0,0.03660128641116352,25,1.4816618428606125,1.4816618443422742,0.976667108047864,0.976667108047864,0.08100008822772407,1.0576671962755881,0.0,0.024283773659735185,2.9882185267795593,0.021149041184238233,0.22542709920863524,0.012410136208886278,0.9808566295647421,0.9245709602051269,1.9615461300453176,0.025536960728180107,0.71607191035249,0.7531218251703434,-0.7531218251703434,0.7279849240738598,-0.02513690109648355,0.40431036548081734,0.41745910796186936,0.41745910796186936,0.2997925902497316,0.717251698211601,0.40411484419742105,1.406035060613147,0.9284071843721483,1.963538885760273,1.7820224650346648,1.7820224650346648,5.531901815622728e-05,0.3286641854205932,2.110686650455258,2.608356742101351e-05,0.4070271679055396,8.859248743014776,True,1.4046081042015457,2.4709637408711034,2.4709637408711034,0.44389942473660376,2.914863165607707,1.2613362246754916,0.0,0.0073202572822327035,1.4816618428606125,1.4816618428606125,0.0,0.012141886829867592,0.1268942471054294,0.14892163450663534,0.24521415739118552,5.547425761230761,0.020215518274040868,0.00404114844197421,5.531901815622728e-06,2.608356742101351e-07,0.004070271679055396,8.859248743014776
0.1047167679324226,0.0,0.058177762372207655,50,3.3119158082387923,3.3119158115507084,1.853790731871844,1.853790731871844,0.08100008822772407,1.934790820099568,5.873540234731401e-05,0.022089331599733225,4.496323751402165,0.0024893348505416464,0.1298932345167323,0.0005282515254340517,7.97120838759303,0.5235965305187446,1.7235997032329025,0.010462417783379713,0.71607191035249,0.5748319892902514,-0.5748319892902514,0.7279849240738598,0.1531529347836085,0.9272960804775123,0.7201444499170926,0.7201444499170926,0.2997925902497316,1.0199370401668242,0.4697380588276439,1.2373984439327452,0.5300372041763979,1.7280365404129094,5.001485007598578,5.001485007598578,0.0002084054288909319,0.3286641854205932,5.330149193019172,6.182657324543151e-05,0.3007062064146454,8.963503788158631,True,1.2342213494129664,5.0540577272655725,5.0540577272655725,0.44389942473660376,5.497957152002177,0.4188670717296904,0.0,0.011635552474441532,3.3119158082387923,3.3119158082387923,0.00029367701173657005,0.011044665799866613,0.014936009103249877,0.006339018305208621,1.9928020968982576,3.1415791831124675,0.04636480402387562,0.004697380588276439,2.084054288909319e-05,6.182657324543151e-07,0.0030070620641464542,8.963503788158631
0.0,0.0,0.014808572848696527,75,1.178049076865518,1.178049078043567,0.7176948300690632,0.7176948300690632,0.08100008822772407,0.7986949182967873,0.0,0.025875671816847013,3.939163020341984,0.0020045846663102065,0.124772588336059,0.0052440593255273435,0.5884460544066019,0.020241656024821586,1.142273173946537,0.024991232757125732,0.71607191035249,0.6400284410025072,-0.6400284410025072,0.7279849240738598,0.08795648307135256,0.6359180915345584,0.08766760534503307,-0.08766760534503307,0.2997925902497316,0.21212498490469853,0.5323776027807309,0.8196834612617081,0.02093644677481798,1.1446943218471892,2.3866284450789523,2.3866284450789523,0.00013318834110930406,0.3286641854205932,2.7152926304995457,5.7382070419881495e-05,0.33195524925225406,1.5779194227503235,True,0.8179497452350306,0.5573104459003264,0.5573104459003264,0.44389942473660376,1.0012098706369301,0.0,0.0,0.0029617145697393055,1.178049076865518,1.178049076865518,0.0,0.012937835908423507,0.012027507997861238,0.06292871190632812,0.14711151360165048,0.12144993614892952,0.03179590457672792,0.005323776027807309,1.3318834110930408e-05,5.73820704198815e-07,0.0033195524925225405,1.5779194227503235
0.0,0.0,0.02996258251368051,100,0.7059869968661961,0.7059869975721831,0.2956647183749695,0.2956647183749695,0.08100008822772407,0.3766648066026936,0.0,0.01174564221342304,4.3934787261957435,0.0,0.018891841450623333,3.3172271021024464e-05,0.06579163518698605,0.1799289706159461,0.5758196484796283,0.006254132826863791,0.71607191035249,0.15765588708327183,0.15765588708327183,0.7279849240738598,0.8856408111571317,0.33956055680202907,1.083455932814124,1.083455932814124,0.2997925902497316,1.3832485230638556,0.3263763452095148,0.4131656641322641,0.17893825545929862,0.5769890598822548,1.098042675907302,1.098042675907302,0.00015943121109680125,0.3286641854205932,1.4267068613278953,5.016656767381026e-05,0.37509619517880566,1.8382813322510905,True,0.4123282814635032,0.01551524467652865,-0.01551524467652865,0.44389942473660376,0.4283841800600751,0.0,0.0,0.0059925165027361026,0.7059869968661961,0.7059869968661961,0.0,0.00587282110671152,0.0,0.0003980672522522936,0.016447908796746513,1.0795738236956764,0.016978027840101453,0.003263763452095148,1.5943121109680125e-05,5.016656767381026e-07,0.0037509619517880565,1.8382813322510905
0.0,0.0,0.019990457281450907,125,0.9295075259347033,0.9295075268642108,0.6060613581363746,0.6060613581363746,0.08100008822772407,0.6870614463640987,0.0,0.012918820126190394,3.8506094805818556,0.0,0.03575318064283074,0.000677119320308441,0.27075719297185813,0.013027139687909252,1.114136495863108,0.011318494381388109,0.71607191035249,0.3621652025901414,-0.3621652025901414,0.7279849240738598,0.36581972148371844,0.3903110692756651,0.2593650305010191,0.2593650305010191,0.2997925902497316,0.5591576207507507,0.24462240005240027,0.7990631262910085,0.013432314847161193,1.1158978638593533,1.8325599356303328,1.8325599356303328,2.9325043950309756e-05,0.3286641854205932,2.161224121050926,4.823561209435835e-05,0.3834573823908546,1.1197423618169422,True,0.7978018601274897,0.6292067005115243,0.6292067005115243,0.44389942473660376,1.073106125248128,0.0,0.0,0.0039980914562901815,0.9295075259347033,0.9295075259347033,0.0,0.006459410063095197,0.0,0.008125431843701292,0.06768929824296453,0.07816283812745552,0.019515553463783256,0.0024462240005240026,2.932504395030976e-06,4.823561209435835e-07,0.003834573823908546,1.1197423618169422
0.0,0.0,0.03466056775767814,150,0.929950259101443,0.9299502600313932,0.6053861012187013,0.6053861012187013,0.08100008822772407,0.6863861894464254,0.0,0.015109862599623214,4.160057975413215,0.0,0.05850896266277224,0.00029622418647037103,0.32722932090274853,0.20594970292866452,0.5461831835105,0.007530010108214608,0.71607191035249,0.17761485104658525,-0.17761485104658525,0.7279849240738598,0.5503700730272746,0.5787916032564877,0.060869751865149646,-0.060869751865149646,0.2997925902497316,0.23892283838458195,0.2746414784478498,0.39180808498479514,0.20506131716580273,0.5471630346738434,1.950455279099333,1.950455279099333,0.00013029479316527918,0.3286641854205932,2.279119464519926,7.607859029919688e-05,0.32800258210549976,2.300477353021686,True,0.39110644108060016,0.3435362300291151,0.3435362300291151,0.44389942473660376,0.7874356547657189,0.0,0.0,0.006932113551535628,0.929950259101443,0.929950259101443,0.0,0.007554931299811607,0.0,0.0035546902376444524,0.08180733022568713,1.235698217571987,0.028939580162824385,0.002746414784478498,1.3029479316527919e-05,7.607859029919688e-07,0.0032800258210549976,2.300477353021686
0.0,0.0,0.03512399373677913,175,1.4092135536895893,1.4092135550988028,0.8444495343894697,0.8444495343894697,0.08100008822772407,0.9254496226171938,0.0,0.01691726835409037,3.650742973878179,6.518649778254611e-06,0.08255316465944808,0.00028053669554400863,0.9047545175699592,0.0016065560728024686,1.0400818671321892,0.006393335994298048,0.71607191035249,0.43972104612296303,-0.43972104612296303,0.7279849240738598,0.2882638779508968,0.5568464754959764,0.5822204952875596,0.5822204952875596,0.2997925902497316,0.8820130855372912,0.28363915200587764,0.746839606116549,0.0018461899182467,1.0429673122064518,2.714624259673522,2.714624259673522,0.00011741463682600453,0.3286641854205932,3.0432884450941153,7.395192564085543e-05,0.3231656670127888,1.6978533576364172,True,0.7447734199211501,1.1466468630297892,1.1466468630297892,0.44389942473660376,1.590546287766393,0.0,0.0,0.007024798747355826,1.4092135536895893,1.4092135536895893,0.0,0.008458634177045185,3.911189866952767e-05,0.0033664403465281036,0.2261886293924898,0.009639336436814812,0.027842323774798824,0.0028363915200587766,1.1741463682600454e-05,7.395192564085543e-07,0.0032316566701278884,1.6978533576364172
0.0,0.0,0.019047909092634405,200,0.6821811292049474,0.6821811298871285,0.447472632029868,0.447472632029868,0.08100008822772407,0.5284727202575921,0.0,0.013801586388708764,2.9852589840274515,0.0,0.03980500594083297,0.0003346831583181236,0.0949661228179172,0.007893932033806225,0.9111521973608451,0.010192167640095057,0.71607191035249,0.40136115977632414,-0.40136115977632414,0.7279849240738598,0.3266237642975357,0.39413583757643744,0.1727356504131654,0.1727356504131654,0.2997925902497316,0.472528240662897,0.2888225436465014,0.6534119154664761,0.007657157162922274,0.912494816365416,1.3604153557715584,1.3604153557715584,4.947639966412404e-05,0.3286641854205932,1.6890795411921515,3.4739631451066695e-05,0.37456705181551525,0.7943588078946857,True,0.6524505036975713,0.29148822915333644,0.29148822915333644,0.44389942473660376,0.7353876538899402,0.0,0.0,0.003809581818526881,0.6821811292049474,0.6821811292049474,0.0,0.006900793194354382,0.0,0.0040161978998174835,0.0237415307044793,0.04736359220283735,0.019706791878821874,0.002888225436465014,4.9476399664124045e-06,3.47396314510667e-07,0.0037456705181551525,0.7943588078946857
0.0,0.0,0.05817685485424693,225,0.3036295869729783,0.3036295872766079,0.026400627957623005,0.026400627957623005,0.08100008822772407,0.10740071618534708,0.0,0.007972887526017294,0.7009123596671964,0.0,0.022150596007226468,5.93014705826319e-05,0.0,0.009793348442738024,1.0989613482261535,0.004016009891206669,0.71607191035249,0.5641371681710741,-0.5641371681710741,0.7279849240738598,0.16384775590278577,0.08317925984589483,0.23691212575695075,0.23691212575695075,0.2997925902497316,0.5367047160066823,0.24829212436414577,0.7874820645345884,0.009945039951842262,1.0997248211421924,0.004006850531150019,-0.004006850531150019,1.1178196361723972e-06,0.3286641854205932,0.3246573348894432,1.6078893110333561e-06,0.015321955156498361,0.385518341658614,True,0.7869353630174633,0.29302471482508863,-0.29302471482508863,0.44389942473660376,0.15087470991151516,0.0,0.0,0.011635370970849386,0.3036295869729783,0.3036295869729783,0.0,0.003986443763008647,0.0,0.0007116176469915828,0.0,0.05876009065642814,0.004158962992294742,0.0024829212436414576,1.1178196361723972e-07,1.6078893110333562e-08,0.0001532195515649836,0.385518341658614
0.0,0.0,0.04702936918918405,250,0.5136645475330591,0.5136645480467236,0.2949575045911125,0.2949575045911125,0.08100008822772407,0.37595759281883656,0.0,0.012876368055483017,2.2706141878670643,0.0,0.044539230265936196,0.0002530203719802363,0.009344781702590494,0.022123848823773853,1.1487408781195467,0.0047559047954826685,0.71607191035249,0.5250191022679005,-0.5250191022679005,0.7279849240738598,0.20296582180595935,0.16984103442747145,0.04631481070080484,0.04631481070080484,0.2997925902497316,0.34610740095053644,0.34891654818565554,0.8232614676679323,0.02240740613640719,1.149691035591338,0.887492953052677,0.887492953052677,2.6013804884035838e-05,0.3286641854205932,1.2161571384732701,1.91020109752831e-05,0.12138644108150914,0.6808220122453343,True,0.8225810865824695,0.4084391618478855,0.4084391618478855,0.44389942473660376,0.8523385865844892,0.0,0.0,0.00940587383783681,0.5136645475330591,0.5136645475330591,0.0,0.006438184027741508,0.0,0.0030362444637628354,0.0023361954256476236,0.1327430929426431,0.008492051721373572,0.0034891654818565553,2.601380488403584e-06,1.91020109752831e-07,0.0012138644108150914,0.6808220122453343
0.0,0.0,0.03809048011639431,275,0.1849665919990264,0.184966592183993,0.03559454695588678,0.03559454695588678,0.08100008822772407,0.11659463518361085,0.0,0.01066566786697389,1.5560017583134842,0.0,0.059350514327207095,0.000774761704435988,0.0,0.004717532175579445,0.9313157064855476,0.009964258647084672,0.71607191035249,0.27622544200029303,-0.27622544200029303,0.7279849240738598,0.4517594820735668,0.07389922414882802,0.12681100593918831,0.12681100593918831,0.2997925902497316,0.4266035961889199,0.2675431371025228,0.6672092310716464,0.004656305255474008,0.9317628748006336,0.06497238770372471,0.06497238770372471,4.1637361925995965e-06,0.3286641854205932,0.39363657312431793,7.66546164556651e-06,0.04002272897531382,0.2422909683589562,True,0.666889026397542,0.2705425884187439,-0.2705425884187439,0.44389942473660376,0.17335683631785984,0.0,0.0,0.007618096023278862,0.1849665919990264,0.1849665919990264,0.0,0.005332833933486945,0.0,0.009297140453231855,0.0,0.02830519305347667,0.003694961207441401,0.002675431371025228,4.1637361925995967e-07,7.66546164556651e-08,0.0004002272897531382,0.2422909683589562
0.0,0.0,0.03664688484166041,300,0.5165309572867001,0.5165309578032311,0.2703341221590837,0.2703341221590837,0.08100008822772407,0.3513342103868078,0.0,0.012562933502304568,1.7667403497562657,0.00010789846732505682,0.09038741870365573,0.0019045527581644374,0.002293143782416529,0.08207176386905078,1.286481699012434,0.01324881201722448,0.71607191035249,0.5970872617490965,-0.5970872617490965,0.7279849240738598,0.13089766232476327,0.206840522224939,0.3288860604754399,0.3288860604754399,0.2997925902497316,0.6286786507251715,0.22273668112592854,0.9221015549304045,0.08278394085431533,1.28772198535099,0.7784139118359543,0.7784139118359543,5.805903449870656e-06,0.3286641854205932,1.1070780972565475,1.7564477675891778e-05,0.16742444119209637,1.0608920876375658,True,0.9212134207101677,0.43627188447601367,0.43627188447601367,0.44389942473660376,0.8801713092126174,0.0,0.0,0.007329376968332083,0.5165309572867001,0.5165309572867001,0.0,0.006281466751152284,0.0006473908039503408,0.022854633097973247,0.0005732859456041322,0.49243058321430466,0.010342026111246952,0.0022273668112592856,5.805903449870656e-07,1.756447767589178e-07,0.0016742444119209638,1.0608920876375658
0.0,0.0,0.03473678077877764,325,0.41359014531762267,0.4135901457312128,0.36184294138747564,0.36184294138747564,0.08100008822772407,0.4428430296151997,0.0,0.016092894707839527,3.580250454149539,0.001306693376522899,0.11614821401567302,0.0010844772780891432,0.0,0.0008231131349948585,1.028689948326807,0.01110140805939245,0.71607191035249,0.4994574561486187,-0.4994574561486187,0.7279849240738598,0.22852746792524117,0.2912309347259272,0.07537831985541787,0.07537831985541787,0.2997925902497316,0.37517091010514947,0.2620142731016446,0.7374981812539139,0.000895322482077304,1.0299219398114043,0.6375152553608399,0.6375152553608399,6.881818633115629e-05,0.3286641854205932,0.9661794407814331,2.808885163326632e-05,0.22333262512156207,0.47379869365915217,True,0.7366159867456805,0.2505761093428845,0.2505761093428845,0.44389942473660376,0.6944755340794883,0.0,0.0,0.006947356155755528,0.41359014531762267,0.41359014531762267,0.0,0.008046447353919763,0.007840160259137394,0.013013727337069719,0.0,0.004938678809969151,0.01456154673629636,0.002620142731016446,6.881818633115629e-06,2.8088851633266323e-07,0.0022333262512156207,0.47379869365915217
0.0,0.0,0.01804512212940397,350,0.21694334468449572,0.21694334490143907,0.0033220954836155753,-0.0033220954836155753,0.08100008822772407,0.0776779927441085,0.0,0.004771911773472184,0.9478151905483588,0.0,0.02636220663613575,8.66558100850264e-05,0.0,0.00962550834753311,0.9018903249035392,0.0028724577147811706,0.71607191035249,0.3833840166421402,-0.3833840166421402,0.7279849240738598,0.3446009074317196,0.05379881863383613,0.19816772742356115,0.19816772742356115,0.2997925902497316,0.49796031767329274,0.1105285216820316,0.6461702340203234,0.009529322349504167,0.9023817519645831,0.11909345645471864,-0.11909345645471864,8.101211125721075e-07,0.3286641854205932,0.2095707289658746,3.1410642551848725e-06,0.03426449736640959,0.2858692283482615,True,0.6458183369010084,0.18674590862321394,-0.18674590862321394,0.44389942473660376,0.2571535161133898,0.0,0.0,0.0036090244258807943,0.21694334468449572,0.21694334468449572,0.0,0.002385955886736092,0.0,0.001039869721020317,0.0,0.057753050085198654,0.0026899409316918066,0.001105285216820316,8.101211125721076e-08,3.141064255184872e-08,0.0003426449736640959,0.2858692283482615
0.0,0.0,0.04006425847577614,375,0.15997770071642922,0.15997770087640692,0.13336603862449647,0.13336603862449647,0.08100008822772407,0.21436612685222056,0.0,0.010115024887991006,2.3546955388105313,0.0,0.033637897389155486,0.00021467130798688772,0.0,0.09901575953926031,0.6853323029936814,0.006525184743877539,0.71607191035249,0.2214321136268691,-0.2214321136268691,0.7279849240738598,0.5065528104469907,0.1654209089879615,0.07989393472343542,0.07989393472343542,0.2997925902497316,0.379686524973167,0.18624248252465886,0.4911441273336622,0.0986672346152537,0.6858865895647661,0.15074712013010977,0.15074712013010977,3.769836719128838e-05,0.3286641854205932,0.479411305550703,1.824658446256723e-05,0.20009031149137657,0.7818570034791066,True,0.49074721828428003,0.17899136194726822,-0.17899136194726822,0.44389942473660376,0.26490806278933554,0.0,0.0,0.008012851695155228,0.15997770071642922,0.15997770071642922,0.0,0.005057512443995503,0.0,0.0025760556958426524,0.0,0.5940945572355618,0.008271045449398075,0.0018624248252465886,3.769836719128838e-06,1.824658446256723e-07,0.0020009031149137656,0.7818570034791066
0.0,0.0,0.03614801351355392,400,1.2559563466587305,1.2559563479146867,0.6976961787104019,0.6976961787104019,0.08100008822772407,0.778696266938126,0.0,0.013804169979873233,4.374960525789279,0.0016249420405723036,0.12031056983685921,0.0006357939906912624,0.6578155560903569,0.000542940031063394,0.9766989263967646,0.004949347545611891,0.71607191035249,0.4630432970036978,-0.4630432970036978,0.7279849240738598,0.26494162707016206,0.5058051063110235,0.32289344159186173,0.32289344159186173,0.2997925902497316,0.6226860318415933,0.2307394233894259,0.7010092368360119,0.0004424777271155974,0.9789648454458828,2.3383246255538976,2.3383246255538976,0.00011174518290878138,0.3286641854205932,2.666988810974491,7.062540433785616e-05,0.33945820648816144,1.4861828560787378,True,0.6993866758311466,1.2704016914165472,1.2704016914165472,0.44389942473660376,1.714301116153151,0.0,0.0,0.007229602702710784,1.2559563466587305,1.2559563466587305,0.0,0.006902084989936616,0.009749652243433823,0.007629527888295148,0.16445388902258923,0.0032576401863803643,0.025290255315551177,0.002307394233894259,1.1174518290878138e-05,7.062540433785616e-07,0.0033945820648816146,1.4861828560787378
0.0,0.0,0.04108323922286005,425,0.3768262172751633,0.37682621765198954,0.10298865983822723,0.10298865983822723,0.08100008822772407,0.1839887480659513,0.0,0.011255558416958654,1.657403404555659,0.00043882452841924666,0.10094813902042964,0.0010579619813763717,0.0,0.009165800662783512,1.0957381881110329,0.004327171089166896,0.71607191035249,0.5515688330031142,-0.5515688330031142,0.7279849240738598,0.1764160910707456,0.09813362061564206,0.1717782571864257,-0.1717782571864257,0.2997925902497316,0.1280143330633059,0.25059162624381853,0.7850285530752577,0.009273395965242653,1.096298473327684,0.3665410206258171,0.3665410206258171,1.3810895678429093e-06,0.3286641854205932,0.6952052060464103,8.170939324181259e-06,0.14784331355913763,0.46988518949910935,True,0.7846273485642252,0.4809314509474402,0.4809314509474402,0.44389942473660376,0.924830875684044,0.0,0.0,0.00821664784457201,0.3768262172751633,0.3768262172751633,0.0,0.005627779208479327,0.00263294717051548,0.01269554377651646,0.0,0.054994803976701076,0.004906681030782103,0.0025059162624381853,1.3810895678429095e-07,8.17093932418126e-08,0.0014784331355913764,0.46988518949910935
0.0,0.0,0.037833462902785005,450,0.21210649673055512,0.21210649694266162,0.0010884227862585916,-0.0010884227862585916,0.08100008822772407,0.07991166544146548,0.0,0.015943840085724435,0.9870359044735584,0.0,0.034510370067395754,0.0002847798446588668,0.0,0.0409348370666314,0.7976764050669537,0.003899999295632197,0.71607191035249,0.39865264750225854,-0.39865264750225854,0.7279849240738598,0.3293322765716013,0.06790625336582932,0.17456878101252282,-0.17456878101252282,0.2997925902497316,0.12522380923720877,0.2866660090982728,0.5715596209393783,0.04072830487720126,0.7981874511404178,0.032197915828313106,-0.032197915828313106,1.1604464255547031e-06,0.3286641854205932,0.2964662695922801,3.5719192908247424e-06,0.05892263204164959,0.48352284073319524,True,0.5711936751961643,0.18576799270549738,-0.18576799270549738,0.44389942473660376,0.2581314320311064,0.0,0.0,0.007566692580557002,0.21210649673055512,0.21210649673055512,0.0,0.007971920042862218,0.0,0.0034173581359064017,0.0,0.24560902239978838,0.0033953126682914666,0.002866660090982728,1.1604464255547031e-07,3.571919290824742e-08,0.000589226320416496,0.48352284073319524
0.0,0.0,0.008212365640452211,475,0.21076361216389927,0.21076361237466287,0.038756556387186336,0.038756556387186336,0.08100008822772407,0.11975664461491041,0.0,0.01692123905319027,1.444409979489889,0.0,0.06424529632423473,0.000561674716838174,0.0,0.0005283051065524348,0.9770151113434841,0.0042907417407908235,0.71607191035249,0.40023881000064504,-0.40023881000064504,0.7279849240738598,0.3277461140732148,0.06241404531744282,0.10018166129377454,0.10018166129377454,0.2997925902497316,0.39997425154350613,0.3061474296868316,0.6999336400925394,0.0005079269056784232,0.9774627662372148,0.10215055404435713,0.10215055404435713,2.2223820645852314e-06,0.3286641854205932,0.43081473946495036,5.93521716775545e-06,0.07154951108454796,0.2376745853239216,True,0.6996130869931305,0.19985550995959672,0.19985550995959672,0.44389942473660376,0.6437549346962005,0.0,0.0,0.0016424731280904423,0.21076361216389927,0.21076361216389927,0.0,0.008460619526595135,0.0,0.0067400966020580875,0.0,0.003169830639314609,0.0031207022658721415,0.003061474296868316,2.2223820645852314e-07,5.93521716775545e-08,0.0007154951108454796,0.2376745853239216
0.0,0.0,0.013921575826936029,500,0.29783494407850925,0.29783494437634417,0.08375231230470893,0.08375231230470893,0.08100008822772407,0.164752400532433,0.0,0.00937187936864613,1.6799036832565866,5.381566419905202e-05,0.08733591604362073,0.0012780396146043448,0.0,0.021976258729604042,1.1482439163325229,0.004001757444675559,0.71607191035249,0.6205551441344409,-0.6205551441344409,0.7279849240738598,0.10742977993941889,0.09701687575967687,0.01869025150112219,-0.01869025150112219,0.2997925902497316,0.2811023387486094,0.2669620408905871,0.8227341319394781,0.02218747499110138,1.1489546071496326,0.19744152230529183,0.19744152230529183,4.794098992672065e-06,0.3286641854205932,0.526105707725885,7.1599961776642924e-06,0.06228286758166951,0.4609659645488577,True,0.8222252262012935,0.10996660174249101,0.10996660174249101,0.44389942473660376,0.5538660264790948,0.0,0.0,0.002784315165387206,0.29783494407850925,0.29783494407850925,0.0,0.004685939684323065,0.00032289398519431213,0.015336475375252137,0.0,0.13185755237762425,0.004850843787983844,0.002669620408905871,4.794098992672065e-07,7.159996177664293e-08,0.0006228286758166951,0.4609659645488577
0.0,0.0,0.025328507006531695,525,0.27201081198689775,0.2720108122589086,0.13358787536885097,0.13358787536885097,0.08100008822772407,0.21458796359657506,0.0,0.005016508885805155,2.580861537427121,0.0,0.028475133261208426,0.0001019982211123501,0.0,0.004427214013327731,0.9334626870596074,0.004080540017786301,0.71607191035249,0.4795608317599485,-0.4795608317599485,0.7279849240738598,0.24842409231391133,0.13570106918025432,0.006913456637342386,0.006913456637342386,0.2997925902497316,0.306706046887074,0.214302719532634,0.6689663919422615,0.004327434190207083,0.9342167636079899,0.31637142705951266,0.31637142705951266,9.571798837972005e-06,0.3286641854205932,0.6450356124801059,1.639106589882742e-05,0.1560376484585166,0.3178616087938883,True,0.6684264189001685,0.14827819253872004,-0.14827819253872004,0.44389942473660376,0.2956212321978837,0.0,0.0,0.005065701401306339,0.27201081198689775,0.27201081198689775,0.0,0.0025082544429025776,0.0,0.0012239786533482012,0.0,0.026563284079966387,0.006785053459012716,0.00214302719532634,9.571798837972006e-07,1.639106589882742e-07,0.0015603764845851659,0.3178616087938883
0.0,0.0,0.041740125843784365,550,2.1832466809072413,2.1832466830904877,1.2530682940365725,1.2530682940365725,0.08100008822772407,1.3340683822642965,0.0,0.017830099937101343,3.7885100142063726,0.00086410698579589,0.10939569672240973,0.0008521763952956541,2.8638774981168824,0.10382181913780808,1.322213933804558,0.010417235857331725,0.71607191035249,0.2822725054685813,0.2822725054685813,0.7279849240738598,1.0102574295424411,0.5417762711773857,0.8211681673229434,0.8211681673229434,0.2997925902497316,1.120960757572675,0.38655529047322934,0.9497202397834754,0.10646626912987649,1.3262916933203732,3.417619540025573,3.417619540025573,0.00012599955467939336,0.3286641854205932,3.7462837254461663,7.930336901283541e-05,0.3547420577404939,3.5893359840891055,True,0.94680027069625,3.135048962915208,3.135048962915208,0.44389942473660376,3.5789483876518116,0.0,0.0,0.008348025168756873,2.1832466809072413,2.1832466809072413,0.0,0.008915049968550671,0.00518464191477534,0.010226116743547849,0.7159693745292206,0.6229309148268485,0.027088813558869287,0.0038655529047322934,1.2599955467939337e-05,7.930336901283541e-07,0.003547420577404939,3.5893359840891055
0.0,0.0,0.043244761245807964,575,0.23079611895318294,0.23079611918397905,0.0022375016346606047,-0.0022375016346606047,0.08100008822772407,0.07876258659306347,0.0,0.011285493414598325,0.7952200885468292,0.0,0.06898130767030289,0.000858547629302804,0.0,0.004024733362004953,0.9365592137343416,0.0053548102803499835,0.71607191035249,0.41635213936465276,-0.41635213936465276,0.7279849240738598,0.3116327847092071,0.051486011838560775,0.14333740037195425,0.14333740037195425,0.2997925902497316,0.44312999062168584,0.2173164442910629,0.6709966926794929,0.0039624388243208065,0.9370520943611242,0.046230563774240785,-0.046230563774240785,3.600692135363796e-07,0.3286641854205932,0.28243362164635244,3.1385286659773996e-06,0.03882131698887087,0.2846745352302424,True,0.6706437547025681,0.2651362996886034,-0.2651362996886034,0.44389942473660376,0.17876312504800032,0.0,0.0,0.008648952249161594,0.23079611895318294,0.23079611895318294,0.0,0.0056427467072991625,0.0,0.010302571551633648,0.0,0.024148400172029717,0.002574300591928039,0.002173164442910629,3.600692135363797e-08,3.1385286659774e-08,0.00038821316988870867,0.2846745352302424
0.0,0.0,0.01499069303029754,600,0.3249023651687995,0.32490236549370183,0.039886855905011995,0.039886855905011995,0.08100008822772407,0.12088694413273607,0.0,0.010643654426428454,1.294459404312721,1.4618960581025124e-05,0.08382347493532064,0.0010164783889041057,0.005269478512476766,0.007800149178433632,0.9116815467841877,0.0035346091983641933,0.71607191035249,0.5195100114382455,-0.5195100114382455,0.7279849240738598,0.20847491263561435,0.09573742546229538,0.4621113894147816,-0.4621113894147816,0.2997925902497316,-0.16231879916505,0.22003615282039296,0.653126217778634,0.007727141815639787,0.9120958373247331,0.041686012803585526,-0.041686012803585526,5.3255993816026255e-06,0.3286641854205932,0.2869781726170077,5.146033393735837e-06,0.046788710401980994,0.4010817540427402,True,0.6528295559556817,0.2025869254619886,-0.2025869254619886,0.44389942473660376,0.24131249927461518,0.0,0.0,0.002998138606059508,0.3249023651687995,0.3249023651687995,0.0,0.005321827213214227,8.771376348615074e-05,0.012197740666849269,0.0013173696281191915,0.04680089507060179,0.004786871273114769,0.0022003615282039295,5.325599381602626e-07,5.146033393735837e-08,0.00046788710401980997,0.4010817540427402
0.0,0.0,0.038103824847404925,625,0.9298172837011963,0.9298172846310137,0.6201222213021754,0.6201222213021754,0.08100008822772407,0.7011223095298995,0.0,0.011048993068587393,3.3363789738535194,0.0,0.0777151427458802,0.0012747428257071603,0.24528758124155856,0.051653282935562275,1.227273586092978,0.009527510762610459,0.71607191035249,0.23437163866958693,-0.23437163866958693,0.7279849240738598,0.4936132854042729,0.35357919671120597,0.4225795749774389,0.4225795749774389,0.2997925902497316,0.7223721652271705,0.28666914645226765,0.8802122182116061,0.05254327595972426,1.2292232011811288,1.7525074909149454,1.7525074909149454,7.197391892724393e-05,0.3286641854205932,2.0811716763355386,4.1843861356719104e-05,0.24692150223538661,1.3525235341901636,True,0.8788161535914857,0.7959040625140912,0.7959040625140912,0.44389942473660376,1.239803487250695,0.0,0.0,0.007620764969480985,0.9298172837011963,0.9298172837011963,0.0,0.005524496534293696,0.0,0.015296913908485924,0.06132189531038964,0.3099196976133737,0.0176789598355603,0.0028666914645226766,7.197391892724393e-06,4.1843861356719103e-07,0.002469215022353866,1.3525235341901636
0.0,0.0,0.021019775036956987,650,0.21635316926151246,0.21635316947786562,0.0020816855134910967,-0.0020816855134910967,0.08100008822772407,0.07891840271423298,0.0,0.014078496445991245,0.9213582668384434,0.0,0.023483427465495605,0.0001291542580631913,0.0,0.01475504118934923,0.8785296695100024,0.002639850219537646,0.71607191035249,0.3931378862400089,-0.3931378862400089,0.7279849240738598,0.33484703783385095,0.05298629462190311,0.008485909690118643,0.008485909690118643,0.2997925902497316,0.30827849993985024,0.23199159169638714,0.6293474491067998,0.014667970692789,0.8788886021351046,0.05808078440605002,-0.05808078440605002,1.5472985224021538e-06,0.3286641854205932,0.2705834010145432,2.3110599284139116e-06,0.01733044229618321,0.32281918363622547,True,0.6290904275326659,0.275746895763597,-0.275746895763597,0.44389942473660376,0.16815252897300675,0.0,0.0,0.004203955007391398,0.21635316926151246,0.21635316926151246,0.0,0.0070392482229956225,0.0,0.0015498510967582955,0.0,0.08853024713609539,0.0026493147310951556,0.0023199159169638712,1.547298522402154e-07,2.3110599284139117e-08,0.0001733044229618321,0.32281918363622547
0.0,0.0,0.03822736277448509,675,0.4939986564276763,0.493998656921675,0.1941664399152926,0.1941664399152926,0.08100008822772407,0.2751665281430167,0.0,0.009477223078830642,1.8534682137928802,0.0,0.06007713498319151,0.0003080251212040401,0.007844243164619295,0.0004533841038116177,0.9787071818724806,0.006059216845071354,0.71607191035249,0.5351029539265573,-0.5351029539265573,0.7279849240738598,0.19288197014730263,0.13528040299146624,0.26257363008831347,0.26257363008831347,0.2997925902497316,0.5623662203380451,0.26151946062676606,0.7014189041244226,0.000418736456355848,0.9795369489968908,0.8693792841084385,0.8693792841084385,6.981465157275197e-06,0.3286641854205932,1.1980434695290316,1.4352205721573734e-05,0.06710044736808893,0.5248114682885564,True,0.7008247311862009,0.26715601557354457,0.26715601557354457,0.44389942473660376,0.7110554403101483,0.0,0.0,0.007645472554897018,0.4939986564276763,0.4939986564276763,0.0,0.004738611539415321,0.0,0.0036963014544484814,0.0019610607911548237,0.002720304622869706,0.006764020149573312,0.0026151946062676606,6.981465157275198e-07,1.4352205721573733e-07,0.0006710044736808893,0.5248114682885564
0.0,0.0,0.04974803201223059,700,0.2725005251601588,0.27250052543265935,0.0614302351546515,0.0614302351546515,0.08100008822772407,0.14243032338237557,0.0,0.013118111379083197,1.1847590055185435,9.520729421715113e-05,0.0897574225191467,0.0007481949182148605,0.0,0.0008342908927685062,1.02888409411369,0.004766780451210153,0.71607191035249,0.49586476440233385,-0.49586476440233385,0.7279849240738598,0.23212015967152602,0.0648958032583004,0.115968477770298,0.115968477770298,0.2997925902497316,0.4157610680200296,0.26442487620982663,0.7371903216061421,0.0008697787376859675,1.0294920114215014,0.3118452899756298,0.3118452899756298,1.3484780613645528e-06,0.3286641854205932,0.640509475396223,4.933597005171987e-06,0.026271721935351426,0.30971645572078177,True,0.7367550090921221,0.10455128273768122,-0.10455128273768122,0.44389942473660376,0.33934814199892255,0.0,0.0,0.009949606402446118,0.2725005251601588,0.2725005251601588,0.0,0.0065590556895415986,0.0005712437653029068,0.008978339018578325,0.0,0.0050057453566110365,0.00324479016291502,0.0026442487620982665,1.348478061364553e-07,4.9335970051719874e-08,0.0002627172193535143,0.30971645572078177
0.0,0.0,0.012026748308969033,725,0.45524738162879996,0.4552473820840473,0.2883496474951753,0.2883496474951753,0.08100008822772407,0.36934973572289936,0.0,0.008838424836828224,2.505215410943685,0.0,0.05404772290011511,0.00023889619806169156,0.007136555078121132,0.046386952490406266,0.7846236956153109,0.004773522055759667,0.71607191035249,0.31620285649280055,-0.31620285649280055,0.7279849240738598,0.4117820675810593,0.22646459333736366,0.1955395464213474,0.1955395464213474,0.2997925902497316,0.495332136671079,0.2159216798805136,0.5624791800229823,0.04600744230051157,0.785506544853901,0.8602346642069407,0.8602346642069407,1.279282411117432e-05,0.3286641854205932,1.188898849627534,2.8857345589078386e-05,0.14224888040078998,0.7599510549232642,True,0.5618469964733233,0.2736452760220793,0.2736452760220793,0.44389942473660376,0.717544700758683,0.0,0.0,0.0024053496617938066,0.45524738162879996,0.45524738162879996,0.0,0.004419212418414112,0.0,0.0028667543767402987,0.001784138769530283,0.2783217149424376,0.011323229666868183,0.002159216798805136,1.2792824111174322e-06,2.885734558907839e-07,0.0014224888040078997,0.7599510549232642
0.0,0.0,0.007295603403040181,750,0.2980549440958003,0.2980549443938552,0.09417082042055798,0.09417082042055798,0.08100008822772407,0.17517090864828205,0.0,0.00989617767618946,1.9705549349642524,0.0,0.015929662598068214,4.1619512901524796e-05,0.0,0.015624736665893505,0.8750010533408641,0.0042205494884160494,0.71607191035249,0.36045228425445064,-0.36045228425445064,0.7279849240738598,0.3675326398194092,0.09130224297950258,0.37912136627941406,0.37912136627941406,0.2997925902497316,0.6789139565291457,0.15557321834453314,0.6271348461965744,0.015425966652433487,0.875798684981062,0.3575658513937851,0.3575658513937851,3.3696533869696492e-06,0.3286641854205932,0.6862300368143783,1.2401639483120812e-05,0.07901119903665713,0.40562142506920296,True,0.6265636845762441,0.18385703220887778,-0.18385703220887778,0.44389942473660376,0.260042392527726,0.0,0.0,0.0014591206806080365,0.2980549440958003,0.2980549440958003,0.0,0.00494808883809473,0.0,0.0004994341548182975,0.0,0.09374841999536103,0.00456511214897513,0.0015557321834453314,3.369653386969649e-07,1.240163948312081e-07,0.0007901119903665713,0.40562142506920296
0.0,0.0,0.04496760828362217,775,0.35856758376301096,0.3585675841215785,0.06560981986520485,0.06560981986520485,0.08100008822772407,0.14660990809292893,0.0,0.006246871757525557,0.941551950392488,0.0,0.06980853071393617,0.0006546294708614633,0.0,0.011135759344003845,1.1055261074047738,0.0016661194719782009,0.71607191035249,0.5139607289211272,-0.5139607289211272,0.7279849240738598,0.21402419515273263,0.055227354832085344,0.19121952682398774,0.19121952682398774,0.2997925902497316,0.49101211707371933,0.2012126410382254,0.7920297473173763,0.01125205317150548,1.1060756954797162,0.30294893013884433,0.30294893013884433,1.0420294771091726e-06,0.3286641854205932,0.6316131155594376,2.321920575770228e-06,0.07174521101910561,0.4508457246971899,True,0.7916362027291495,0.49603459644160425,0.49603459644160425,0.44389942473660376,0.939934021178208,0.0,0.0,0.008993521656724434,0.35856758376301096,0.35856758376301096,0.0,0.0031234358787627786,0.0,0.00785555365033756,0.0,0.06681455606402306,0.0027613677416042674,0.002012126410382254,1.0420294771091727e-07,2.3219205757702282e-08,0.0007174521101910561,0.4508457246971899
0.13804399610850945,0.0,0.056175765630013356,800,0.8214265016236928,0.8214265024451193,0.25038985650271817,0.25038985650271817,0.08100008822772407,0.33138994473044225,0.0,0.017466314525046052,1.0975266125822485,0.017267251017970407,0.2114049124575273,0.004201995307936928,0.16100554847377477,0.5952781756865754,1.7715427244725825,0.008423023950002325,0.71607191035249,0.7853934207091001,-0.7853934207091001,0.7279849240738598,-0.05740849663524025,0.12159137185801414,0.2056750230981872,0.2056750230981872,0.2997925902497316,0.5054676133479188,0.3541246435186439,1.2694453582768963,0.5972048559191495,1.7727903052699028,0.7440455884236388,0.7440455884236388,3.601080713673983e-07,0.3286641854205932,1.072709773844232,5.023008681736913e-06,0.07192833147969857,5.169858872070995,True,1.2685520006995643,1.4485384138104158,1.4485384138104158,0.44389942473660376,1.8924378385470195,0.5521759844340378,0.0,0.011235153126002671,0.8214265016236928,0.8214265016236928,0.0,0.008733157262523026,0.10360350610782244,0.05042394369524313,0.04025138711844369,3.571669054119452,0.006079568592900707,0.0035412464351864395,3.6010807136739836e-08,5.0230086817369134e-08,0.0007192833147969857,5.169858872070995
0.0,0.0,0.011939074209032197,825,0.42571819606422245,0.42571819648994064,0.1378749385772165,0.1378749385772165,0.08100008822772407,0.21887502680494056,0.0,0.013168766954131685,1.2833136054445506,0.0,0.07255522921335841,0.0003711218520623963,0.00014155145303845984,0.0030738896727053825,1.055442670144081,0.0035596407144047196,0.71607191035249,0.43486598127263826,-0.43486598127263826,0.7279849240738598,0.2931189428012216,0.09127782826280387,0.2857246894007739,0.2857246894007739,0.2997925902497316,0.5855172796505055,0.3361369221552571,0.7562906867852114,0.0031545993122943632,1.0561658197865424,0.6979395223133356,0.6979395223133356,2.820053453264057e-06,0.3286641854205932,1.0266037077339287,6.772214961166454e-06,0.03561701903308985,0.465904363059854,True,0.7557728596320319,0.3595884019503644,0.3595884019503644,0.44389942473660376,0.8034878266869682,0.0,0.0,0.0023878148418064395,0.42571819606422245,0.42571819606422245,0.0,0.006584383477065843,0.0,0.004453462224748756,3.538786325961496e-05,0.018443338036232295,0.0045638914131401935,0.003361369221552571,2.820053453264057e-07,6.772214961166454e-08,0.0003561701903308985,0.465904363059854
0.0,0.0,0.012438403567595794,850,0.27735624061369335,0.2773562408910496,0.0038411879199860416,0.0038411879199860416,0.08100008822772407,0.08484127614771012,0.0,0.009732585194848401,0.2457640244043787,0.0,0.03134078100758282,0.0001317877120762463,0.0,0.006737746768857542,1.0820837789630664,0.001318848027483664,0.71607191035249,0.4850945438756918,-0.4850945438756918,0.7279849240738598,0.24289038019816805,0.04912669955222407,0.24529802146887403,0.24529802146887403,0.2997925902497316,0.5450906117186056,0.18829757384050716,0.7752898256641101,0.006839003007043804,1.082698264836959,0.09078966249800666,-0.09078966249800666,9.709202154070497e-08,0.3286641854205932,0.23787452292258657,1.592488465086606e-07,0.005420479430999274,0.33111167389471385,True,0.7748498095843623,0.2844065196693307,-0.2844065196693307,0.44389942473660376,0.15949290506727304,0.0,0.0,0.002487680713519159,0.27735624061369335,0.27735624061369335,0.0,0.004866292597424201,0.0,0.0015814525449149555,0.0,0.04042648061314525,0.0024563349776112035,0.0018829757384050717,9.709202154070498e-09,1.592488465086606e-09,5.4204794309992744e-05,0.33111167389471385
0.0,0.0,0.051517631832662204,875,0.40208121292844307,0.4020812133305243,0.11210051559152824,0.11210051559152824,0.08100008822772407,0.19310060381925231,0.0,0.01602349841069649,1.3643009727243653,0.0005528131827416119,0.10351197955812338,0.0022563069051110465,0.0038866981605848077,0.001970502130776458,1.0443903382593156,0.007193103631739653,0.71607191035249,0.3931627433211369,-0.3931627433211369,0.7279849240738598,0.33482218075272296,0.09880255759032244,0.07375766360940242,-0.07375766360940242,0.2997925902497316,0.22603492664032918,0.37453030123864695,0.7481241812999062,0.002003567839129254,1.0447612314299914,0.38991814181497525,0.38991814181497525,3.90644409257193e-06,0.3286641854205932,0.7185823272355685,9.232821183389994e-06,0.1347541372135813,0.47361719301957045,True,0.7478585951149348,0.695504631168969,0.695504631168969,0.44389942473660376,1.1394040559055727,0.0,0.0,0.010303526366532442,0.40208121292844307,0.40208121292844307,0.0,0.008011749205348246,0.003316879096449671,0.027075682861332558,0.0009716745401462019,0.011823012784658748,0.004940127879516122,0.0037453030123864696,3.9064440925719305e-07,9.232821183389994e-08,0.001347541372135813,0.47361719301957045
0.0,0.0,0.03373465872804555,900,0.25309113068117045,0.25309113093426155,0.020913620990687484,0.020913620990687484,0.08100008822772407,0.10191370921841156,0.0,0.011014642198313612,1.2109431843902034,0.0,0.04154457119642693,0.0002005090746781259,6.725331318055528e-05,0.02060783763596098,0.8564456979538371,0.002486958222694839,0.71607191035249,0.4140019724941886,-0.4140019724941886,0.7279849240738598,0.31398295157967127,0.06061028459228921,0.3181301627690913,-0.3181301627690913,0.2997925902497316,-0.018337572519359708,0.2939567907127258,0.6136226404554933,0.020469372651399444,0.8569287846860891,0.20581280899954507,0.20581280899954507,3.035518220358308e-06,0.3286641854205932,0.5344769944201383,4.145046908735071e-06,0.046401130972270416,0.39784977001489036,True,0.6132767156114327,0.06982032085378126,-0.06982032085378126,0.44389942473660376,0.3740791038828225,0.0,0.0,0.00674693174560911,0.25309113068117045,0.25309113068117045,0.0,0.005507321099156806,0.0,0.002406108896137511,1.681332829513882e-05,0.12364702581576587,0.003030514229614461,0.002939567907127258,3.0355182203583085e-07,4.145046908735071e-08,0.00046401130972270415,0.39784977001489036
0.0,0.0,0.02368046029649752,925,0.09473319998289201,0.09473320007762522,0.00803713960732734,0.00803713960732734,0.08100008822772407,0.08903722783505141,0.0,0.009156506829368766,0.8457625031534896,0.0,0.06339283287004165,0.0006251119685063262,0.0,0.004761487265064974,0.9309964691840702,0.0029775652064771624,0.71607191035249,0.12943583351928623,0.12943583351928623,0.7279849240738598,0.8574207575931461,0.05072926858372223,0.018717405191027547,0.018717405191027547,0.2997925902497316,0.31850999544075914,0.20581197560201195,0.6669409263674984,0.004707581130587625,0.9313881851968072,0.08112001444002964,0.08112001444002964,1.4817660273109865e-07,0.3286641854205932,0.40978419986062287,3.2263571916810026e-06,0.05533883108456494,0.14526583124662573,True,0.6666604295300249,0.14533708189240996,0.14533708189240996,0.44389942473660376,0.5892365066290137,0.0,0.0,0.0047360920592995044,0.09473319998289201,0.09473319998289201,0.0,0.004578253414684383,0.0,0.007501343622075914,0.0,0.028568923590389844,0.0025364634291861116,0.0020581197560201195,1.4817660273109865e-08,3.226357191681003e-08,0.0005533883108456495,0.14526583124662573
0.0,0.0,0.0370692569355152,950,0.42704005382440846,0.42704005425144853,0.2447330186475627,0.2447330186475627,0.08100008822772407,0.3257331068752868,0.0,0.009207724003565173,2.5289571312480668,0.0,0.03784036823574249,0.0005743863987738034,0.0019518343902533292,0.05516152718900046,0.7651350873608396,0.009593384409528654,0.71607191035249,0.37526527700990997,-0.37526527700990997,0.7279849240738598,0.35271964706394987,0.22269201789531853,0.27350966678849803,-0.27350966678849803,0.2997925902497316,0.026282923461233555,0.29287545656458225,0.5484669827032793,0.05478483145472544,0.765938402434903,0.7701243359331889,0.7701243359331889,2.9095024602382863e-05,0.3286641854205932,1.098788521353782,3.598886308530006e-05,0.18835407248788652,0.7933576913065276,True,0.5478917513355466,0.20784304295895328,-0.20784304295895328,0.44389942473660376,0.23605638177765048,0.0,0.0,0.0074138513871030405,0.42704005382440846,0.42704005382440846,0.0,0.0046038620017825865,0.0,0.006892636785285641,0.0004879585975633323,0.33096916313400276,0.011134600894765928,0.0029287545656458227,2.9095024602382863e-06,3.5988863085300065e-07,0.0018835407248788652,0.7933576913065276
0.0,0.0,0.025056844262256395,975,0.0730170880346394,0.07301708810765649,0.009963447563268293,0.009963447563268293,0.08100008822772407,0.09096353579099237,0.0,0.00888781693814454,0.9108799618323425,0.0,0.06063024850375182,0.0006199118399015794,0.0,0.009715916854388395,0.9014306495182788,0.003889361219338759,0.71607191035249,0.11904833198003895,-0.11904833198003895,0.7279849240738598,0.6089365920938209,0.05560991500052537,0.0007226051064130323,-0.0007226051064130323,0.2997925902497316,0.29906998514331856,0.20777334683360124,0.6457664874057971,0.009639721484927168,0.9018179166806531,0.05405296335133847,0.05405296335133847,3.810454313951944e-07,0.3286641854205932,0.3827171487719317,4.4979394225900286e-06,0.06247920691035384,0.15368991293271544,True,0.6454891762651462,0.09728029162594981,0.09728029162594981,0.44389942473660376,0.5411797163625536,0.0,0.0,0.005011368852451279,0.0730170880346394,0.0730170880346394,0.0,0.00444390846907227,0.0,0.007438942078818953,0.0,0.05829550112633037,0.0027804957500262685,0.0020777334683360123,3.810454313951944e-08,4.497939422590029e-08,0.0006247920691035384,0.15368991293271544
0.0,0.0,0.024056126325624195,1000,0.2648259167338847,0.26482591699871066,0.008092102879170088,0.008092102879170088,0.08100008822772407,0.08909219110689416,0.0,0.009076916534656424,0.852058499348036,0.0,0.06266965735101697,0.0006238446272042646,0.0,0.005963760804826066,0.9227746103614487,0.0032187060930078033,0.71607191035249,0.5724041266808026,-0.5724041266808026,0.7279849240738598,0.15558079739305722,0.05182014508611649,0.0067453830707420726,0.0067453830707420726,0.2997925902497316,0.30653797332047367,0.20618775942992446,0.6610760143983694,0.00589857945061024,0.9231977900668852,0.07337764841110511,0.07337764841110511,1.8640415863724578e-07,0.3286641854205932,0.40204183383169834,3.5310624189648173e-06,0.05713855956100756,0.32266862501700067,True,0.6607729872940433,0.13237101541389545,0.13237101541389545,0.44389942473660376,0.5762704401504992,0.0,0.0,0.004811225265124839,0.2648259167338847,0.2648259167338847,0.0,0.004538458267328212,0.0,0.007486135526451175,0.0,0.0357825648289564,0.0025910072543058244,0.0020618775942992445,1.864041586372458e-08,3.531062418964817e-08,0.0005713855956100756,0.32266862501700067
0.0,0.0,0.023696842804720116,1025,0.07472401227986036,0.07472401235458438,0.008027304374215616,0.008027304374215616,0.08100008822772407,0.08902739260193969,0.0,0.009152937890230571,0.8460370765869715,0.0,0.06336305210261638,0.0006250657068426798,0.0,0.0048117524651659326,0.9306332034387782,0.0029879140305273553,0.71607191035249,0.004182876845737482,-0.004182876845737482,0.7279849240738598,0.7238020472281224,0.0507970042947778,0.0187135187016485,0.0187135187016485,0.2997925902497316,0.3185061089513801,0.20582586245585244,0.6666840537783583,0.004756935300932634,0.9310294606304066,0.0807872128121837,0.0807872128121837,1.4947241044484747e-07,0.3286641854205932,0.40945139823277693,3.239000570385491e-06,0.055414979656158006,0.1255634590321332,True,0.6664003051301954,0.14477460585841523,0.14477460585841523,0.44389942473660376,0.588674030595019,0.0,0.0,0.004739368560944024,0.07472401227986036,0.07472401227986036,0.0,0.004576468945115286,0.0,0.007500788482112158,0.0,0.028870514790995595,0.00253985021473889,0.0020582586245585246,1.4947241044484746e-08,3.239000570385491e-08,0.00055414979656158,0.1255634590321332
0.0,0.0,0.023696407081995385,1050,0.07469445877547828,0.07469445885017274,0.008026849431266025,0.008026849431266025,0.08100008822772407,0.0890269376589901,0.0,0.009152960213507965,0.8460027471857329,0.0,0.06336377709323586,0.0006250756073822094,0.0,0.004809859343054158,0.9306468505181332,0.0029877826080970415,0.71607191035249,0.000694420505168214,0.000694420505168214,0.7279849240738598,0.728679344579028,0.050796266207015904,0.018717677537817112,0.018717677537817112,0.2997925902497316,0.3185102677875487,0.20582405008308732,0.6666935903963799,0.0047550983843719676,0.9310427785915647,0.08077443148868824,0.08077443148868824,1.4945046312891078e-07,0.3286641854205932,0.40943861690928146,3.238688021923727e-06,0.05540945449902303,0.12552247933364125,True,0.6664100774205164,0.14476373215774746,0.14476373215774746,0.44389942473660376,0.5886631568943512,0.0,0.0,0.004739281416399077,0.07469445877547828,0.07469445877547828,0.0,0.004576480106753982,0.0,0.007500907288586513,0.0,0.028859156058324946,0.0025398133103507955,0.002058240500830873,1.494504631289108e-08,3.238688021923727e-08,0.0005540945449902303,0.12552247933364125
0.0,0.0,0.02369730475624327,1075,0.07463706323333132,0.07463706330796839,0.008024172007406294,0.008024172007406294,0.08100008822772407,0.08902426023513037,0.0,0.00915251739360022,0.845925880360825,0.0,0.06336189265568373,0.0006251012941052381,0.0,0.004810723657080476,0.9306406195451511,0.0029888415639585234,0.71607191035249,0.0025425086025496757,-0.0025425086025496757,0.7279849240738598,0.7254424154713102,0.05081013244258452,0.018731338614861148,0.018731338614861148,0.2997925902497316,0.31852392886459274,0.2058198989966038,0.6666885610688111,0.004756067075104191,0.9310357550965416,0.08068240529126197,0.08068240529126197,1.4956658498505586e-07,0.3286641854205932,0.4093465907118552,3.23946666596028e-06,0.055401737848576146,0.12547111069503197,True,0.6664056155957274,0.14464470553705683,0.14464470553705683,0.44389942473660376,0.5885441302736606,0.0,0.0,0.004739460951248654,0.07463706323333132,0.07463706323333132,0.0,0.00457625869680011,0.0,0.007501215529262857,0.0,0.028864341942482857,0.0025405066221292263,0.002058198989966038,1.4956658498505587e-08,3.23946666596028e-08,0.0005540173784857615,0.12547111069503197
0.0,0.0,0.023704568883590505,1100,0.0742007404734132,0.07420074054761394,0.007996775443538731,0.007996775443538731,0.08100008822772407,0.0889968636712628,0.0,0.009148083667189118,0.844986818947618,0.0,0.06334582645467936,0.0006254050820192955,0.0,0.00481142550924032,0.9306355601965941,0.0029991132124238254,0.71607191035249,0.014156793677962298,-0.014156793677962298,0.7279849240738598,0.7138281303958975,0.05094259205603704,0.018903015971611647,0.018903015971611647,0.2997925902497316,0.31869560622134324,0.20576941608276428,0.6666792788715993,0.004757855163324236,0.931022792436021,0.07968351952834235,0.07968351952834235,1.506822006102468e-07,0.3286641854205932,0.4083477049489356,3.246093936150415e-06,0.055298571195891585,0.12504696712814717,True,0.6664019927382905,0.14337921385992497,0.14337921385992497,0.44389942473660376,0.5872786385965287,0.0,0.0,0.0047409137767181015,0.0742007404734132,0.0742007404734132,0.0,0.004574041833594559,0.0,0.0075048609842315464,0.0,0.02886855305544192,0.0025471296028018522,0.002057694160827643,1.506822006102468e-08,3.246093936150415e-08,0.0005529857119589158,0.12504696712814717
0.0,0.0,0.02375462737347527,1125,0.07192307318592621,0.07192307325784927,0.007854872023199663,0.007854872023199663,0.08100008822772407,0.08885496025092374,0.0,0.009114686072587395,0.8374360779494483,0.0,0.0632084244766987,0.0006279382287291777,0.0,0.004786313065930368,0.9308168151504257,0.003076507203661408,0.71607191035249,0.04828096124079584,-0.04828096124079584,0.7279849240738598,0.679703962833064,0.05099427100958171,0.020426318514797537,0.020426318514797537,0.2997925902497316,0.32021890876452913,0.20536505052604537,0.6667228849763674,0.0047494579631834006,0.9310836887001096,0.07197576841803377,0.07197576841803377,1.6030420457842814e-07,0.3286641854205932,0.400639953838627,3.2952095301492377e-06,0.05446391443252746,0.12263253101982788,True,0.666531784321154,0.13369422715285545,0.13369422715285545,0.44389942473660376,0.5775936518894592,0.0,0.0,0.004750925474695054,0.07192307318592621,0.07192307318592621,0.0,0.004557343036293697,0.0,0.007535258744750133,0.0,0.028717878395582208,0.002549713550479086,0.002053650505260454,1.6030420457842815e-08,3.295209530149238e-08,0.0005446391443252746,0.12263253101982788
0.0,0.0,0.023784079294105493,1150,0.06950043798250945,0.0695004380520099,0.00783204212483278,0.00783204212483278,0.08100008822772407,0.08883213035255685,0.0,0.009094023834783796,0.8326029341476362,0.0,0.06309195945016646,0.0006293744287859755,0.0,0.004775679613714444,0.9308937078572838,0.0031248367434378167,0.71607191035249,0.052770927347150165,-0.052770927347150165,0.7279849240738598,0.6752139967267097,0.05157310158285968,0.020748524931163415,0.020748524931163415,0.2997925902497316,0.320541115180895,0.20510700326116993,0.6667883186341066,0.004736871359576248,0.9311750673115022,0.0675934856833223,0.0675934856833223,1.6745402836617563e-07,0.3286641854205932,0.3962576711039155,3.3267615276575016e-06,0.053937627324901795,0.12017998798446262,True,0.666586845029415,0.12769519253496725,0.12769519253496725,0.44389942473660376,0.571594617271571,0.0,0.0,0.004756815858821099,0.06950043798250945,0.06950043798250945,0.0,0.004547011917391898,0.0,0.007552493145431706,0.0,0.028654077682286665,0.0025786550791429843,0.0020510700326116993,1.6745402836617563e-08,3.3267615276575015e-08,0.000539376273249018,0.12017998798446262
0.0,0.0,0.023874337076014957,1175,0.060378301058074194,0.06037830111845249,0.007921641927442796,0.007921641927442796,0.08100008822772407,0.08892173015516687,0.0,0.009029434165570135,0.8185629030982553,0.0,0.06273428046069902,0.0006338006963272086,0.0,0.004747614450355165,0.9310970650091365,0.003280217506726022,0.71607191035249,0.05391838079678102,-0.05391838079678102,0.7279849240738598,0.6740665432770788,0.05216175407762048,0.02174637348563624,0.02174637348563624,0.2997925902497316,0.32153896373536783,0.2042906642442548,0.6670463019652062,0.004687409252968314,0.9315353430376788,0.05387354962726498,0.05387354962726498,1.961029074948414e-07,0.3286641854205932,0.3825377350478582,3.4355072224878365e-06,0.05233327523641634,0.11093356167817046,True,0.6667324633756596,0.10900682511641707,0.10900682511641707,0.44389942473660376,0.5529062498530208,0.0,0.0,0.004774867415202992,0.060378301058074194,0.060378301058074194,0.0,0.0045147170827850676,0.0,0.007605608355926503,0.0,0.028485686702130992,0.002608087703881024,0.002042906642442548,1.961029074948414e-08,3.435507222487836e-08,0.0005233327523641634,0.11093356167817046
0.0,0.0,0.023948564597275575,1200,0.05306548869147954,0.053065488744545024,0.008202051992267992,0.008202051992267992,0.08100008822772407,0.08920214021999207,0.0,0.008974057988367954,0.8204876425260205,0.0,0.062493199054333426,0.0006382072983492676,0.0,0.004672161924906266,0.9316467855554235,0.0034198633448989007,0.71607191035249,0.055410654042688634,-0.055410654042688634,0.7279849240738598,0.6725742700311712,0.05292582858010701,0.02277549206361329,0.02277549206361329,0.2997925902497316,0.3225680823133449,0.2035711671872161,0.6673386548723368,0.004631671383582039,0.9319436161438029,0.04167717001720811,0.04167717001720811,2.2913193269772323e-07,0.3286641854205932,0.37034135543780133,3.543837405592496e-06,0.0510485435445323,0.10322623662263761,True,0.6671261028228965,0.09320089431320816,0.09320089431320816,0.44389942473660376,0.5371003190498119,0.0,0.0,0.004789712919455115,0.05306548869147954,0.05306548869147954,0.0,0.004487028994183977,0.0,0.007658487580191211,0.0,0.028032971549437596,0.0026462914290053506,0.002035711671872161,2.2913193269772324e-08,3.543837405592496e-08,0.000510485435445323,0.10322623662263761
0.0,0.0,0.024198769678903873,1225,0.11569830663766925,0.11569830675336756,0.010877537043931018,0.010877537043931018,0.08100008822772407,0.09187762527165509,0.0,0.008777134424277943,0.8591974603612814,0.0,0.061477550746261225,0.0006530363255892168,0.0,0.004423231482317807,0.9334926208431139,0.003958683618013034,0.71607191035249,0.2541031521423501,-0.2541031521423501,0.7279849240738598,0.47388177193150977,0.05581018627020522,0.02613504355916796,0.02613504355916796,0.2997925902497316,0.32592763380889955,0.2009217136710407,0.6686909980059588,0.004378181219218689,0.9338321738363826,0.001429690438989828,0.001429690438989828,4.1691546692541057e-07,0.3286641854205932,0.33009387585958305,4.050717721020798e-06,0.047198538120889255,0.16457424661671993,True,0.6684478536420074,0.03948004142057532,0.03948004142057532,0.44389942473660376,0.4833794661571791,0.0,0.0,0.0048397539357807745,0.11569830663766925,0.11569830663766925,0.0,0.004388567212138972,0.0,0.007836435907070602,0.0,0.02653938889390684,0.002790509313510261,0.002009217136710407,4.169154669254106e-08,4.050717721020798e-08,0.00047198538120889254,0.16457424661671993
0.0,0.0,0.0241210144640171,1250,0.027401157341463277,0.027401157368864434,0.010212390453118614,0.010212390453118614,0.08100008822772407,0.09121247868084269,0.0,0.008825906331899499,0.8477153209135482,0.0,0.06175672000293083,0.0006501847278941202,0.0,0.004435938176389836,0.9333971608984284,0.0038251945062596784,0.71607191035249,0.0076610638626127825,-0.0076610638626127825,0.7279849240738598,0.7203238602112471,0.055179938323987016,0.02568901790251482,0.02568901790251482,0.2997925902497316,0.3254816081522464,0.20147984500562002,0.6686105446996745,0.004393062238415436,0.9337198201691076,0.011576740297807475,0.011576740297807475,3.6411861876143516e-07,0.3286641854205932,0.3402409257184007,3.917070710995498e-06,0.04815292326474481,0.0763115593747569,True,0.6683794974560997,0.052888427380418324,0.052888427380418324,0.44389942473660376,0.4967878521170221,0.0,0.0,0.00482420289280342,0.027401157341463277,0.027401157341463277,0.0,0.0044129531659497494,0.0,0.007802216734729443,0.0,0.026615629058339016,0.002758996916199351,0.0020147984500562,3.641186187614352e-08,3.9170707109954984e-08,0.0004815292326474481,0.0763115593747569
0.0,0.0,0.025161256169942532,1275,0.2648494925410122,0.2648494928058617,0.051825562180942406,0.051825562180942406,0.08100008822772407,0.13282565040866648,0.0,0.007951259919167394,1.1783794779666001,0.0,0.057280149305141255,0.0006938801353631841,0.0,0.0029670707172184197,0.9455291755412274,0.006618583052007099,0.71607191035249,0.5536386100411744,-0.5536386100411744,0.7279849240738598,0.17434631403268544,0.0832648165935986,0.04848719793246603,0.04848719793246603,0.2997925902497316,0.3482797881821976,0.18914248903064707,0.6775150350781367,0.0028992829306086526,0.9461550101624241,0.12433424754817135,0.12433424754817135,3.064927239292883e-06,0.3286641854205932,0.4529984329687646,8.610765855528926e-06,0.04339047629723368,0.3064753227455943,True,0.6770668924791133,0.1539956372667891,-0.1539956372667891,0.44389942473660376,0.28990378746981466,0.0,0.0,0.005032251233988507,0.2648494925410122,0.2648494925410122,0.0,0.003975629959583697,0.0,0.008326561624358209,0.0,0.01780242430331052,0.00416324082967993,0.0018914248903064707,3.0649272392928833e-07,8.610765855528927e-08,0.0004339047629723368,0.3064753227455943
0.0,0.0,0.024284960529537228,1300,0.017075242609208785,0.01707524262628403,0.013370283000816663,0.013370283000816663,0.08100008822772407,0.09437037122854074,0.0,0.008684416637656452,0.8840315885658511,0.0,0.06104858162621532,0.0006615940173610776,0.0,0.004202091216621956,0.9351764609372339,0.004242563184237405,0.71607191035249,0.003020159854435045,0.003020159854435045,0.7279849240738598,0.7310050839282949,0.05814465758052771,0.027805085357956894,0.027805085357956894,0.2997925902497316,0.3275976756076885,0.19947152570654209,0.6699011531449335,0.004157391220502535,0.9355221648897659,0.0159219714033893,-0.0159219714033893,5.579402451069786e-07,0.3286641854205932,0.3127422140172039,4.377469677899044e-06,0.0459510943672932,0.06478767719049516,True,0.6696536042517705,0.015598133719469498,0.015598133719469498,0.44389942473660376,0.45949755845607326,0.0,0.0,0.004856992105907446,0.017075242609208785,0.017075242609208785,0.0,0.004342208318828226,0.0,0.007939128208332931,0.0,0.025212547299731738,0.0029072328790263856,0.001994715257065421,5.579402451069787e-08,4.377469677899044e-08,0.000459510943672932,0.06478767719049516
0.0,0.0,0.024282703364609016,1325,0.017027186600597242,0.017027186617624427,0.013317925579889173,0.013317925579889173,0.08100008822772407,0.09431801380761325,0.0,0.008686364787055784,0.8834880224791133,0.0,0.06105882639628685,0.0006614476701531294,0.0,0.0042062501186204805,0.9351443902301391,0.004236652570615028,0.71607191035249,0.0011825183844648146,0.0011825183844648146,0.7279849240738598,0.7291674424583247,0.058003918088364755,0.027739679823063856,0.027739679823063856,0.2997925902497316,0.32753227007279545,0.1994992012091584,0.6698828757923467,0.00416068339647721,0.9354966404248801,0.015560673987687068,-0.015560673987687068,5.548121087707528e-07,0.3286641854205932,0.31310351143290616,4.370452676804106e-06,0.045978196207687484,0.0647568514849317,True,0.669630639318954,0.016100792447541257,0.016100792447541257,0.44389942473660376,0.460000217184145,0.0,0.0,0.004856540672921804,0.017027186600597242,0.017027186600597242,0.0,0.004343182393527892,0.0,0.007937372041837552,0.0,0.025237500711722885,0.0029001959044182377,0.001994992012091584,5.5481210877075287e-08,4.370452676804106e-08,0.00045978196207687485,0.0647568514849317
0.0,0.0,0.024289583122941317,1350,0.017039620602914796,0.017039620619954416,0.013467328582647972,0.013467328582647972,0.08100008822772407,0.09446741681037205,0.0,0.008680913476103698,0.8850323732030092,0.0,0.06103047400245205,0.0006618429760352596,0.0,0.0041951690699706425,0.9352298751740384,0.004253395123783516,0.71607191035249,0.00052951204857421,-0.00052951204857421,0.7279849240738598,0.7274554120252856,0.058148904754826126,0.027918863786989823,0.027918863786989823,0.2997925902497316,0.3277114540367214,0.19942506308141358,0.6699315978247138,0.0041519103189602375,0.9355646811216066,0.016560886016351528,-0.016560886016351528,5.636803603645375e-07,0.3286641854205932,0.3121032994042417,4.3904194555495815e-06,0.04590582376595048,0.0647119784762474,True,0.6696918526868932,0.014709457209367283,0.014709457209367283,0.44389942473660376,0.45860888194597105,0.0,0.0,0.004857916624588263,0.017039620602914796,0.017039620602914796,0.0,0.004340456738051849,0.0,0.007942115712423115,0.0,0.025171014419823855,0.0029074452377413065,0.0019942506308141357,5.636803603645375e-08,4.3904194555495817e-08,0.00045905823765950485,0.0647119784762474
0.0,0.0,0.02429271554083111,1375,0.01705984413756719,0.017059844154627038,0.013536946674316333,0.013536946674316333,0.08100008822772407,0.0945370349020404,0.0,0.00867834955567233,0.8857576609992811,0.0,0.06101738743181455,0.0006620197389316124,0.0,0.004190603497540222,0.9352651291996329,0.004261276698455223,0.71607191035249,0.0002993340350628815,-0.0002993340350628815,0.7279849240738598,0.727685590038797,0.058054938914704375,0.028000563977986836,0.028000563977986836,0.2997925902497316,0.32779315422771843,0.19938959248106392,0.6699576415707061,0.004147224578824996,0.9356010514152211,0.017033446827772414,-0.017033446827772414,5.679062856013434e-07,0.3286641854205932,0.3116307385928208,4.399862298828651e-06,0.04587157136863896,0.06470087924947406,True,0.6697170971047008,0.014059978408699492,0.014059978408699492,0.44389942473660376,0.45795940314530326,0.0,0.0,0.004858543108166222,0.01705984413756719,0.01705984413756719,0.0,0.004339174777836165,0.0,0.00794423686717935,0.0,0.02514362098524133,0.0029027469457352188,0.0019938959248106394,5.679062856013435e-08,4.399862298828651e-08,0.0004587157136863896,0.06470087924947406
0.0,0.0,0.024296778469150276,1400,0.01708795528229355,0.017087955299381508,0.01362753347054603,0.01362753347054603,0.08100008822772407,0.0946276216982701,0.0,0.008675025138060894,0.8867124068287653,0.0,0.061000440738397305,0.0006622716364568782,0.0,0.00418563943889757,0.9353034820187549,0.004271496729442052,0.71607191035249,4.828658272648667e-05,4.828658272648667e-05,0.7279849240738598,0.7280332106565863,0.0578260573684654,0.02807414031642813,0.02807414031642813,0.2997925902497316,0.3278667305661597,0.1993436072368687,0.6699914330462045,0.004141148825480814,0.9356482414732836,0.017646247217345368,-0.017646247217345368,5.7342161945386e-07,0.3286641854205932,0.31101793820324786,4.412157496485706e-06,0.045827407719598555,0.06468903429774686,True,0.6697445604815404,0.01321861135373964,0.01321861135373964,0.44389942473660376,0.4571180360903434,0.0,0.0,0.004859355693830055,0.01708795528229355,0.01708795528229355,0.0,0.004337512569030447,0.0,0.007947259637482537,0.0,0.02511383663338542,0.00289130286842327,0.001993436072368687,5.7342161945386006e-08,4.412157496485706e-08,0.00045827407719598555,0.06468903429774686
0.0,0.0,0.024300037893371595,1425,0.017269339902894584,0.017269339920163922,0.013976807303237887,0.013976807303237887,0.08100008822772407,0.09497689553096196,0.0,0.008669485791721143,0.888067894453616,0.0,0.061024332312477614,0.0006639618668875407,0.0,0.004085293484667714,0.9360836993821786,0.004295489210370089,0.71607191035249,0.0015431459679052795,0.0015431459679052795,0.7279849240738598,0.7295280700417651,0.05768546427753596,0.02835926653170645,0.02835926653170645,0.2997925902497316,0.32815185678143804,0.19924332512281967,0.6705527101470425,0.00404088181281677,0.9364320693052167,0.01844876955894975,-0.01844876955894975,5.869402772603413e-07,0.3286641854205932,0.3102154158616435,4.4366921052694055e-06,0.04574833390879965,0.06427768655322802,True,0.6703032522272596,0.012198892083510438,0.012198892083510438,0.44389942473660376,0.4560983168201142,0.0,0.0,0.00486000757867432,0.017269339902894584,0.017269339902894584,0.0,0.004334742895860571,0.0,0.007967542402650489,0.0,0.024511760908006285,0.002884273213876798,0.0019924332512281967,5.869402772603413e-08,4.436692105269405e-08,0.0004574833390879965,0.06427768655322802
0.0,0.0,0.024298690036639793,1450,0.0412809629152939,0.041280962956574865,0.016047280215827117,0.016047280215827117,0.08100008822772407,0.09704736844355119,0.0,0.008649447380808365,0.8922263843688525,0.0,0.06132260520294907,0.0006752177704431094,0.0,0.0033958788037265044,0.9417258307332785,0.0044120695940058005,0.71607191035249,0.08279885504311402,0.08279885504311402,0.7279849240738598,0.8107837791169739,0.0593540573852152,0.029745498550420857,0.029745498550420857,0.2997925902497316,0.32953808880015245,0.1987902030387653,0.6745960154300983,0.0033548912949596097,0.9420785765458098,0.02060744055520619,-0.02060744055520619,6.565728874989142e-07,0.3286641854205932,0.30805674486538703,4.545372418673838e-06,0.0454478215766499,0.08435350490713023,True,0.6743434240587227,0.00989760698781278,0.00989760698781278,0.44389942473660376,0.45379703172441654,0.0,0.0,0.004859738007327959,0.0412809629152939,0.0412809629152939,0.0,0.0043247236904041825,0.0,0.008102613245317313,0.0,0.020375272822359028,0.00296770286926076,0.001987902030387653,6.565728874989141e-08,4.545372418673838e-08,0.00045447821576649904,0.08435350490713023
0.0,0.0,0.024299794269204592,1475,0.01762077373737685,0.017620773754997623,0.014345697805646707,0.014345697805646707,0.08100008822772407,0.09534578603337078,0.0,0.008665807673318881,0.8887988887135355,0.0,0.0610773277608239,0.0006659929070574252,0.0,0.003955516565599159,0.9371071024232532,0.004316388897975932,0.71607191035249,0.005854277871608415,0.005854277871608415,0.7279849240738598,0.7338392019454683,0.05779202042169847,0.02861549332271207,0.02861549332271207,0.2997925902497316,0.32840808357244367,0.1991604174962643,0.6712829518083983,0.003912270135377579,0.9374518574586137,0.018830184217680512,-0.018830184217680512,5.991282106545687e-07,0.3286641854205932,0.3098340012029127,4.4559533860519116e-06,0.045692124085496846,0.06387688161541873,True,0.6710360824081765,0.01178831743384784,0.01178831743384784,0.44389942473660376,0.4556877421704516,0.0,0.0,0.004859958853840919,0.01762077373737685,0.01762077373737685,0.0,0.0043329038366594404,0.0,0.007991914884689102,0.0,0.023733099393594952,0.0028896010210849236,0.001991604174962643,5.991282106545687e-08,4.455953386051912e-08,0.00045692124085496845,0.06387688161541873
0.0,0.0,0.024327829467448055,1500,0.018476283007940495,0.018476283026416778,0.015658948900560937,0.015658948900560937,0.08100008822772407,0.09665903712828501,0.0,0.008637574953454802,0.8964172674636369,0.0,0.06108363953406559,0.0006715359324692902,0.0,0.003678564090697383,0.939348832734255,0.0044225740929689185,0.71607191035249,0.0011583551011887794,0.0011583551011887794,0.7279849240738598,0.7291432791750486,0.05876522833096705,0.029565078569148362,0.029565078569148362,0.2997925902497316,0.32935766881887996,0.19872071364899435,0.6728983605424208,0.0036351507909621575,0.9397077883059333,0.023544721788311962,-0.023544721788311962,6.601068813470797e-07,0.3286641854205932,0.30511946363228126,4.574198795030484e-06,0.04531306608170606,0.06316916307850473,True,0.6726413225368879,0.005645609821934849,0.005645609821934849,0.44389942473660376,0.4495450345585386,0.0,0.0,0.004865565893489611,0.018476283007940495,0.018476283007940495,0.0,0.004318787476727401,0.0,0.008058431189631482,0.0,0.022071384544184298,0.0029382614165483524,0.0019872071364899434,6.601068813470798e-08,4.574198795030484e-08,0.00045313066081706057,0.06316916307850473
0.0,0.0,0.024332355596778748,1525,0.018843067799364312,0.018843067818207382,0.016078096165430475,0.016078096165430475,0.08100008822772407,0.09707818439315455,0.0,0.00863144332763079,0.8979239019333939,0.0,0.06113089423465754,0.0006736527621952425,0.0,0.003561141796055149,0.9403246969336967,0.004450344266267262,0.71607191035249,0.0026746416541635343,0.0026746416541635343,0.7279849240738598,0.7306595657280234,0.058885858194337046,0.029862040471342055,0.029862040471342055,0.2997925902497316,0.32965463072107365,0.1986128757981552,0.6735994143405608,0.003518053869578018,0.9406868153815864,0.024435173654117792,-0.024435173654117792,6.767046880324765e-07,0.3286641854205932,0.30422901176647543,4.60270909535225e-06,0.04522409169241479,0.06285872078739158,True,0.6733401114881854,0.004563766767247568,0.004563766767247568,0.44389942473660376,0.44846319150385133,0.0,0.0,0.00486647111935575,0.018843067799364312,0.018843067799364312,0.0,0.004315721663815395,0.0,0.00808383314634291,0.0,0.021366850776330895,0.0029442929097168525,0.001986128757981552,6.767046880324766e-08,4.60270909535225e-08,0.00045224091692414796,0.06285872078739158
0.0,0.0,0.024329590693519546,1550,0.019223040403955713,0.019223040423178756,0.016387345024024988,0.016387345024024988,0.08100008822772407,0.09738743325174906,0.0,0.008630853142028905,0.8976407803534583,0.0,0.0612135138092534,0.0006757181664900919,0.0,0.0034246618683643434,0.941479389371228,0.004462381221668851,0.71607191035249,0.007695518479492458,0.007695518479492458,0.7279849240738598,0.7356804425533523,0.05898160695692802,0.030114755269066318,0.030114755269066318,0.2997925902497316,0.3299073455187979,0.1985766130181423,0.6744301658889214,0.0033817753200164687,0.9418469663730561,0.02424529497346517,-0.02424529497346517,6.840389307217226e-07,0.3286641854205932,0.30441889044712805,4.609259822876796e-06,0.045188215886484695,0.062447817455125204,True,0.6741669543193449,0.005012735848325012,0.005012735848325012,0.44389942473660376,0.4489121605849288,0.0,0.0,0.00486591813870391,0.019223040403955713,0.019223040403955713,0.0,0.0043154265710144525,0.0,0.008108617997881103,0.0,0.02054797121018606,0.002949080347846401,0.0019857661301814233,6.840389307217227e-08,4.609259822876796e-08,0.00045188215886484697,0.062447817455125204
0.0,0.0,0.024298347507714275,1575,0.01926292292818305,0.019262922947445974,0.01758220658489991,0.01758220658489991,0.08100008822772407,0.09858229481262398,0.0,0.008644116145325498,0.8902705353317822,0.0,0.06180988665531048,0.0006864664032200983,0.0,0.0026787040842943858,0.9482438014891512,0.004473064244281127,0.71607191035249,0.0002793690677783678,0.0002793690677783678,0.7279849240738598,0.7282642931416382,0.05930153535309292,0.03156389538757998,0.03156389538757998,0.2997925902497316,0.33135648563731157,0.1986155609334706,0.6792624620214899,0.0026424426202638664,0.9485953054647354,0.020232902980973688,-0.020232902980973688,6.888223785606568e-07,0.3286641854205932,0.30843128243961954,4.565477804699674e-06,0.04503963356864334,0.05815621509648784,True,0.6790107598946818,0.011850700901233135,0.011850700901233135,0.44389942473660376,0.4557501256378369,0.0,0.0,0.0048596695015428555,0.01926292292818305,0.01926292292818305,0.0,0.004322058072662749,0.0,0.00823759683864118,0.0,0.016072224505766314,0.002965076767654646,0.0019861556093347063,6.888223785606567e-08,4.565477804699674e-08,0.00045039633568643345,0.05815621509648784
0.0,0.0,0.024257580086403153,1600,0.055170283269269906,0.05517028332444019,0.021534149567721678,0.021534149567721678,0.08100008822772407,0.10253423779544575,0.0,0.008650284314026467,0.8827673707158806,0.0,0.06312075187795714,0.0007153249246797794,0.0,0.0012271999008615225,0.9649685869416958,0.0046018677094939705,0.71607191035249,0.11364201181436295,-0.11364201181436295,0.7279849240738598,0.6143429122594969,0.06040373470168626,0.03565053568249449,0.03565053568249449,0.2997925902497316,0.3354431259322261,0.19835952337545523,0.6912418272701921,0.001202384606309122,0.965324582103324,0.012028322436125727,-0.012028322436125727,7.640198965350733e-07,0.3286641854205932,0.3166358629844675,4.58978648378895e-06,0.04439933298107236,0.08574193754339433,True,0.6909869091311689,0.020613906194556664,0.020613906194556664,0.44389942473660376,0.46451333093116043,0.0,0.0,0.004851516017280631,0.055170283269269906,0.055170283269269906,0.0,0.004325142157013234,0.0,0.008583899096157352,0.0,0.007363199405169135,0.003020186735084313,0.0019835952337545525,7.640198965350734e-08,4.58978648378895e-08,0.0004439933298107236,0.08574193754339433
0.0,0.0,0.024258771684508434,1625,0.10949572647844602,0.10949572658794175,0.024780769973925323,0.024780769973925323,0.08100008822772407,0.1057808582016494,0.0,0.008635314002820567,0.8871221699578872,0.0,0.06379807225310062,0.0007345075299739687,0.0,0.0006090554300206567,0.975320951598154,0.004754666038274893,0.71607191035249,0.239674136022767,-0.239674136022767,0.7279849240738598,0.48831078805109285,0.061804869757867927,0.03847027798312258,0.03847027798312258,0.2997925902497316,0.3382628682328542,0.1979540654045758,0.6986426625085858,0.0005924401753689442,0.9756599060115014,0.002443883805425595,0.002443883805425595,8.601957365416936e-07,0.3286641854205932,0.3311080692260188,4.700976122595068e-06,0.04383206104596497,0.13664179853830322,True,0.6983999467709081,0.02007131809804502,0.02007131809804502,0.44389942473660376,0.4639707428346488,0.0,0.0,0.004851754336901687,0.10949572647844602,0.10949572647844602,0.0,0.004317657001410283,0.0,0.008814090359687624,0.0,0.0036543325801239404,0.0030902434878933966,0.001979540654045758,8.601957365416937e-08,4.700976122595068e-08,0.00043832061045964975,0.13664179853830322
0.0,0.0,0.024286028444538383,1650,0.02110944227461026,0.021109442295719705,0.01932433662738539,0.01932433662738539,0.08100008822772407,0.10032442485510946,0.0,0.008642059251417847,0.88820083225576,0.0,0.06234280467204338,0.0006986643329722192,0.0,0.002006664881488891,0.9552041867861639,0.004538534931812377,0.71607191035249,0.01260671061012908,-0.01260671061012908,0.7279849240738598,0.7153782134637308,0.05978471117038377,0.033369452894796425,0.033369452894796425,0.2997925902497316,0.333162043144528,0.19844148259386596,0.684254842037578,0.0019742734542680363,0.9555672029434559,0.019289811598891538,-0.019289811598891538,7.271392462450589e-07,0.3286641854205932,0.3093743738217017,4.5913436269989306e-06,0.04473053323537003,0.05613271321799928,True,0.683994896360707,0.014493668054249842,0.014493668054249842,0.44389942473660376,0.4583930927908536,0.0,0.0,0.004857205688907677,0.02110944227461026,0.02110944227461026,0.0,0.004321029625708924,0.0,0.008383971995666631,0.0,0.012039989288933347,0.0029892355585191886,0.00198441482593866,7.271392462450589e-08,4.5913436269989306e-08,0.00044730533235370033,0.05613271321799928
